837 453 306 197 598 202 447 795 282 65 
721 287 872 113 198 330 703 832 149 772 
682 934 993 937 365 932 112 590 938 132 
358 1 917 450 803 869 592 287 517 316 
452 166 963 992 381 543 632 826 864 658 
232 900 35 390 3 674 265 279 306 530 
961 205 282 948 251 153 724 509 854 419 
239 94 408 430 803 25 667 869 923 595 
536 383 998 29 692 798 977 461 987 38 
205 641 149 336 272 331 683 294 395 720 
294 729 463 251 53 422 421 279 440 751 
625 49 502 197 866 475 439 243 857 485 
775 423 651 343 648 49 892 873 282 414 
746 963 106 646 891 904 556 993 212 317 
966 368 320 16 179 72 137 971 1 321 
349 72 896 701 472 423 663 932 322 930 
628 220 797 793 407 942 646 297 123 147 
197 832 491 54 122 916 654 426 510 881 
166 276 91 953 370 516 449 597 245 549 
103 818 555 660 370 919 841 357 244 667 
302 216 348 187 33 531 165 569 344 785 
142 776 26 848 110 812 794 8 42 254 
608 239 573 853 518 730 243 881 620 662 
593 328 968 677 180 875 957 364 812 939 
167 176 373 325 337 432 179 149 523 78 
719 430 467 488 666 311 454 51 900 178 
835 303 218 310 973 21 210 820 148 364 
660 510 102 523 118 243 822 826 596 192 
361 97 691 544 442 530 633 564 113 642 
850 278 500 418 993 223 818 468 137 705 
136 81 327 246 10 911 455 151 415 224 
919 593 553 413 603 665 80 361 534 784 
107 243 697 298 562 204 444 665 226 14 
191 574 894 669 923 775 982 175 513 844 
847 398 286 876 871 119 683 772 107 507 
253 711 486 707 789 858 592 840 677 630 
858 672 493 920 521 13 650 29 759 143 
459 527 305 890 823 445 173 738 494 718 
885 314 34 157 281 821 913 905 860 812 
234 276 813 821 298 859 63 820 34 532 
679 204 127 403 203 614 637 976 898 290 
689 610 403 532 489 407 845 909 514 531 
312 962 335 285 919 34 888 810 995 616 
158 313 237 632 561 341 119 303 413 201 
831 980 935 117 473 762 71 871 248 807 
716 773 761 15 926 231 685 433 348 138 
65 115 354 406 331 546 399 968 282 193 
489 316 706 738 213 435 211 275 183 826 
622 968 810 91 811 295 188 652 514 640 
593 998 804 738 499 928 717 147 499 121 
800 248 830 709 430 674 919 175 325 914 
237 700 746 403 257 16 43 965 134 258 
234 10 845 626 409 617 331 851 751 120 
482 316 21 799 481 144 544 560 816 565 
387 714 53 666 528 940 92 313 698 710 
423 772 706 588 81 356 333 980 864 644 
142 966 159 108 125 499 21 505 203 702 
502 626 801 864 371 910 365 672 608 937 
519 231 866 325 278 464 348 309 834 30 
165 205 886 961 167 293 828 448 750 869 
148 250 122 658 219 664 187 917 524 713 
33 749 781 289 390 667 729 260 912 180 
21 669 286 76 913 579 845 292 94 986 
168 134 198 951 91 240 4 885 906 540 
745 918 371 504 128 283 900 857 359 492 
938 978 722 131 567 587 869 490 23 965 
14 957 647 57 917 994 627 416 738 949 
19 205 233 784 929 471 315 80 153 75 
916 522 293 926 141 44 436 639 414 361 
343 667 402 340 936 67 30 822 775 871 
303 162 954 142 383 29 319 621 396 771 
826 269 317 460 702 666 50 350 66 69 
895 828 497 555 140 4 669 534 836 511 
66 809 352 57 395 273 144 760 259 39 
813 417 633 323 910 469 89 858 949 763 
451 935 84 688 355 144 66 177 844 607 
844 881 489 601 425 85 770 132 759 141 
543 721 292 350 604 8 122 434 25 507 
225 384 589 459 858 248 287 935 382 279 
760 963 881 520 512 660 743 244 619 201 
257 832 528 662 227 805 918 290 61 445 
795 313 284 793 611 228 828 200 449 867 
69 937 685 172 591 433 522 317 284 928 
19 814 208 806 25 970 279 667 971 804 
851 236 547 759 968 714 185 645 807 652 
910 97 587 956 711 176 763 415 156 985 
556 902 700 182 995 994 647 746 524 173 
176 354 810 27 780 169 251 150 523 300 
446 33 970 420 756 524 963 777 169 999 
802 619 469 258 412 444 579 721 142 338 
934 21 279 640 411 484 35 20 271 979 
541 795 893 210 849 593 228 613 179 61 
811 307 287 112 538 192 974 390 495 741 
953 829 345 575 662 523 508 397 28 292 
993 787 36 168 329 315 750 611 655 379 
245 142 167 57 688 988 495 843 798 487 
336 884 477 624 880 161 23 237 984 641 
466 892 453 266 771 286 462 305 702 703 
984 697 20 530 945 413 545 489 343 288 
472 698 228 705 6 302 217 165 232 371 
388 438 32 309 298 932 656 730 526 522 
369 932 568 485 100 130 673 796 572 366 
238 855 904 21 87 61 109 712 123 285 
743 112 570 782 397 662 342 850 950 736 
695 365 195 208 578 932 395 639 741 624 
877 878 793 577 653 261 813 871 990 612 
659 444 392 766 105 414 175 934 974 384 
840 458 966 872 72 76 396 195 498 576 
228 636 21 863 186 844 560 905 10 92 
899 434 501 278 147 307 316 561 337 137 
948 970 449 387 295 832 82 564 219 40 
158 873 377 335 791 445 164 446 812 487 
331 535 159 717 773 902 141 594 96 787 
793 938 966 260 701 679 133 216 326 500 
185 254 530 750 705 59 865 867 722 642 
189 562 988 637 960 170 455 714 689 439 
329 442 594 119 575 635 705 946 157 756 
840 224 964 280 739 388 919 700 150 326 
714 451 280 487 624 794 992 133 600 165 
971 398 122 327 175 418 411 945 448 345 
507 666 220 795 767 836 548 646 448 71 
905 458 0 735 881 921 132 569 949 506 
314 619 48 932 24 112 566 176 246 163 
518 487 458 27 46 634 286 165 465 529 
456 472 320 843 782 849 258 12 587 22 
657 444 859 464 203 460 527 145 329 972 
541 429 24 704 903 574 417 305 286 519 
903 527 579 786 157 740 545 612 233 732 
371 742 609 97 30 711 793 323 498 653 
773 636 98 467 409 673 150 780 811 28 
409 278 234 710 684 129 101 83 414 446 
786 358 222 869 889 995 543 854 253 395 
958 169 951 306 115 474 654 444 994 164 
7 94 125 294 548 266 648 154 692 290 
280 706 944 861 664 654 141 247 522 744 
259 202 543 465 809 291 443 188 666 248 
704 727 672 957 165 931 203 805 26 537 
86 861 427 60 255 165 775 69 937 624 
467 601 328 795 256 176 304 202 302 790 
466 582 35 372 907 107 933 977 771 997 
927 785 279 922 147 896 780 243 372 8 
185 804 679 637 879 19 150 642 848 69 
688 925 672 492 641 157 333 796 761 492 
647 901 75 159 339 3 556 882 18 313 
742 472 233 965 329 640 613 540 701 324 
420 190 693 139 267 428 971 358 656 550 
133 344 27 577 185 854 750 78 67 390 
117 885 943 307 12 968 524 102 645 84 
464 137 722 562 522 678 892 941 688 900 
673 51 813 921 172 214 478 131 932 125 
746 0 258 899 188 381 696 465 374 139 
547 615 780 718 693 693 362 872 882 360 
282 819 692 233 182 827 333 7 854 985 
408 708 575 996 613 653 513 897 575 715 
634 660 964 15 996 607 312 987 360 423 
22 259 782 102 613 34 883 218 802 376 
205 597 504 681 125 942 240 361 921 108 
343 156 933 675 667 242 501 415 361 279 
642 261 214 553 207 617 855 826 735 66 
440 822 630 210 982 542 656 122 210 554 
361 970 578 670 945 565 245 859 163 395 
90 478 652 24 333 782 163 657 56 991 
385 247 619 523 661 365 623 336 468 428 
948 637 636 733 413 446 316 726 821 287 
746 510 224 172 72 570 408 279 531 330 
259 267 194 782 349 582 520 505 151 147 
725 336 524 885 687 540 756 759 881 818 
279 304 973 556 687 173 611 521 522 271 
142 511 875 259 655 545 364 296 785 771 
171 483 296 978 806 350 270 889 99 823 
524 622 888 452 401 674 899 437 994 208 
976 466 870 349 902 307 749 205 548 790 
156 631 325 259 360 134 196 748 597 576 
70 968 393 916 299 391 681 668 616 31 
944 330 469 276 24 623 326 975 278 318 
560 269 575 48 817 24 512 544 252 252 
319 342 553 359 508 969 357 859 891 13 
522 312 376 565 893 874 335 954 720 34 
640 721 812 673 428 842 45 430 566 973 
634 728 992 799 455 408 913 922 593 838 
416 378 365 148 696 708 205 127 344 385 
264 993 382 192 341 20 415 770 292 537 
85 999 177 831 14 606 382 647 869 17 
627 123 375 127 13 519 836 50 848 127 
407 889 138 896 436 473 622 396 966 556 
890 533 450 915 245 474 795 687 192 247 
514 859 976 286 954 686 533 52 214 69 
555 951 376 765 978 779 494 974 396 676 
139 51 738 821 695 237 19 223 116 696 
299 885 590 205 820 108 566 494 659 824 
980 808 161 306 254 906 772 46 113 533 
26 136 250 588 402 878 842 138 358 361 
308 754 185 13 796 201 937 96 110 321 
457 727 168 575 982 652 189 252 284 500 
903 576 220 621 464 810 396 180 758 436 
139 164 968 211 975 827 153 165 789 774 
751 11 260 469 960 166 911 969 187 222 
917 946 806 37 583 830 273 289 461 547 
438 105 629 85 556 671 801 290 759 28 
932 115 101 897 281 254 687 329 591 406 
163 66 302 269 972 470 722 255 918 425 
155 265 904 286 453 997 443 562 259 390 
995 87 470 854 625 37 683 681 653 287 
954 392 233 160 418 578 337 560 907 942 
343 783 212 829 99 236 338 503 63 138 
290 165 712 8 501 151 680 803 946 209 
25 147 882 470 564 39 493 793 400 517 
730 52 878 634 651 112 0 530 438 639 
290 693 952 905 656 951 861 417 943 617 
179 819 937 441 868 372 952 907 401 806 
867 154 651 511 398 568 845 973 219 797 
118 480 855 791 163 163 328 911 25 609 
34 84 448 328 321 798 539 813 816 441 
371 148 536 963 427 593 276 820 863 528 
545 25 198 797 347 653 182 73 115 701 
94 2 285 718 494 774 997 294 339 444 
817 635 472 743 882 355 502 855 596 394 
579 142 573 882 169 732 930 962 661 719 
245 645 24 98 307 253 362 537 562 44 
66 14 23 911 842 59 869 672 519 757 
770 366 991 506 883 787 43 423 400 177 
628 584 778 530 818 652 705 92 551 483 
898 629 297 472 606 688 15 77 134 779 
835 624 913 292 957 704 528 800 361 571 
457 784 783 616 735 601 336 787 923 134 
272 347 268 540 439 652 313 978 865 785 
495 147 669 2 863 913 723 253 414 727 
942 124 184 507 138 955 335 822 839 701 
477 401 411 170 977 351 173 911 189 929 
469 66 270 802 314 472 598 495 940 348 
652 570 392 894 930 980 673 390 118 276 
851 36 730 673 346 118 207 15 290 933 
294 554 536 300 543 412 405 741 602 236 
227 274 435 910 992 485 43 704 760 957 
841 560 519 93 759 336 483 875 473 83 
991 946 504 55 629 652 69 311 419 135 
449 595 294 18 305 38 764 77 527 676 
939 379 659 366 887 933 592 492 993 995 
427 501 155 705 15 878 839 941 28 341 
583 945 205 40 832 49 832 607 96 594 
33 651 702 60 960 169 664 438 353 263 
799 613 594 922 720 832 150 874 788 387 
40 186 254 598 716 23 436 650 87 333 
463 191 182 625 349 453 556 534 902 37 
78 719 539 570 664 310 746 434 834 431 
718 883 101 228 764 452 112 69 784 881 
287 323 502 482 515 650 892 977 932 801 
228 734 490 759 280 24 211 396 646 858 
943 609 627 544 192 285 84 397 845 444 
647 523 958 462 464 725 825 330 567 484 
667 277 287 388 282 851 122 587 311 681 
264 494 617 460 246 551 268 537 554 742 
249 482 813 51 199 842 954 646 79 837 
227 51 693 351 730 365 466 680 245 414 
695 96 963 160 44 245 187 155 54 629 
131 964 966 650 438 822 454 586 879 327 
815 608 970 721 487 627 10 76 990 808 
429 189 647 694 843 325 19 422 461 569 
328 949 107 673 561 624 710 950 824 907 
924 493 263 670 81 451 555 276 186 244 
905 737 909 517 891 167 149 321 515 653 
458 539 664 37 885 106 406 184 889 570 
392 849 996 996 112 539 669 668 287 895 
887 67 265 85 819 449 575 687 157 496 
320 925 181 752 361 688 990 178 41 687 
715 244 858 559 68 96 353 155 552 201 
263 616 357 387 160 874 906 421 80 761 
846 902 149 874 706 41 72 371 73 471 
53 7 192 720 610 418 599 357 893 386 
151 581 221 386 342 65 898 820 894 678 
737 337 221 327 832 696 605 125 736 634 
210 372 840 302 628 586 509 934 986 871 
871 812 439 548 143 506 145 178 565 429 
715 455 79 997 357 511 91 252 474 213 
797 640 495 501 996 943 515 95 982 142 
129 970 836 838 74 987 689 19 264 352 
123 466 438 597 124 615 931 242 739 56 
893 847 731 586 857 237 421 622 313 19 
257 71 671 337 664 434 606 61 637 970 
615 768 554 328 361 987 422 596 994 915 
132 706 378 726 559 243 711 233 409 279 
370 417 907 468 528 778 215 750 669 894 
561 979 531 165 180 801 513 414 960 335 
287 456 553 709 61 647 316 145 298 142 
498 846 690 749 695 298 217 87 804 517 
493 579 976 146 384 165 85 427 314 137 
943 13 869 291 215 637 642 845 214 781 
865 510 373 280 301 420 329 277 230 710 
116 211 232 840 430 106 697 483 907 17 
880 760 438 986 457 857 371 334 677 333 
297 150 702 302 62 127 415 17 165 105 
210 721 803 956 300 431 184 120 995 162 
936 536 663 344 777 897 894 454 910 260 
66 754 954 70 845 474 529 17 781 56 
760 217 234 781 301 405 243 679 9 15 
97 464 785 842 916 412 236 55 585 223 
503 612 525 936 868 386 707 990 89 865 
937 814 133 754 665 878 741 488 27 913 
989 164 192 655 10 572 545 16 820 400 
158 878 89 209 442 852 419 293 115 894 
